[806744, 973423, 271931, 208734] [96919, 135786, 8612, 565752] [449026, 26996, 242352, 749281] [-78852, -38065, 944379, 575108] [354369, 310037, 411390, 864884] [-83132, 691667, 673696, 748716] [185998, 822773, 422121, 689107] [184253, 350917, 994252, 641503] [-39098, 266559, -28962, 292156]
[264537, 604632, 275198, -97434] [558485, 945605, 884277, 762639] [226637, 644917, 417870, 170035] [419246, 853926, 868582, 241086] [-64923, 373348, 701030, 162203] [-28851, 528116, 837327, 264082] [-69094, 866331, 139012, 307022] [51144, 978617, 23732, 120784] [-25429, 454117, 96119, 236087]
[-82121, 991602, 125476, 282825] [971519, 944392, 826996, 949839] [553181, 499058, 460210, 164252] [89642, 666284, 908185, 478005] [340827, 935784, 689497, 225533] [323376, 85466, 521477, 401393] [424978, 954846, 519099, -97729] [-13397, 820862, 226778, 108925] [590979, 686762, 663220, 220699]
[784824, 914719, 406516, 671786] [231696, 2408, 387603, -91143] [760178, 533286, 450157, 413135] [130610, 842413, 719778, 146739] [673606, 850106, 649994, 284611] [366451, 809080, 828703, 560150] [545793, 655847, 841599, 290154] [-91413, 881654, 369603, -19230] [826693, 230490, 349225, 96433]
[185977, 659718, 223535, 195809] [560588, 416945, 781894, 141072] [585918, 897649, 993845, 504901] [68177, 542675, 389348, 372601] [660669, 772488, 346332, 316857] [33938, 511031, 859597, 244685] [-39608, 343704, 367515, -34804] [-94872, 602213, 43189, 327386] [13027, 708962, 246295, 29392]
[26203, 690688, 238307, 366047] [408882, 754625, 372508, 749240] [219072, 200623, 150597, 14988] [637304, 223928, 148255, 610870] [655721, 873094, 473545, 320592] [790110, 798116, 514427, 424527] [126799, 300819, 699391, 233489] [24033, 837108, 54222, 104384] [98936, 806960, 959882, 401053]
[387712, 752464, 233686, 386838] [637771, 883436, 579549, 802751] [975501, 85758, 291252, 557149] [254377, 554314, 60732, 195968] [263013, 621629, 627582, 675035] [725627, 65960, 978860, 265156] [323829, 566004, 349174, 443295] [156563, 791589, 731448, 96495] [-12128, 924152, 386875, 22560]
[155650, 340588, 582429, 387583] [231006, 263001, -67365, 260816] [236592, 176238, 695369, 569172] [921712, 597097, 882490, -83115] [125928, 140282, 162109, -95392] [223333, 522417, 289811, 769956] [85608, 800416, 805265, 730784] [707222, 416888, 534459, 806752] [140050, 539682, 148363, 123368]
[55671, 405593, 709560, 260298] [34565, 445316, 179352, 65062] [325593, 130595, 677425, 206830] [684901, 371744, 371372, 252650] [-54591, 979586, 793715, 292854] [-66554, -72216, -16267, -65899] [149183, 119116, 18036, 830049] [586175, 117378, 975334, 155733] [844913, 998616, 184846, 777065]

[105159, 882876, 211565, 797242] [19004, -54039, 953343, 108489] [407543, 985171, 949078, 471110] [60673, 220202, 969035, 566274] [526291, 35685, 952090, 621280] [788140, 816379, 573374, 339455] [733598, 538491, 476242, 483357] [838881, -94021, 915591, 864866] [-21522, 388732, 970206, 70346]
[466140, 525833, 304727, 651379] [936188, 547573, 536933, -40156] [92577, 556697, 728258, 401245] [-9864, -18357, 860060, 316512] [847780, 201840, 894494, 551142] [728603, 310879, 584893, 517839] [545326, 688031, 965717, 995253] [-41024, -98316, 771131, 188115] [359988, 143132, 620771, 614654]
[264207, 520516, 366495, 972461] [495326, 479992, 141085, 18277] [999150, 749671, 983958, 50011] [318709, 24304, 25968, -48065] [675881, 313118, 361421, -95482] [763093, 139170, 680193, 170914] [112424, 298556, 712860, 955812] [662005, 584187, 944539, -35573] [234836, 877731, 408406, 84109]
[35104, 438959, 84972, 229354] [-46306, 274125, 4739, 137589] [899196, 921403, 201525, 130661] [336879, 229827, 669822, 563139] [300338, 280393, 172229, 592144] [433531, 236041, 806674, 326402] [880379, 417483, 323237, 791129] [776604, 770447, 438874, 615556] [56201, 265064, 55141, 311961]
[160719, 966045, -36202, 986907] [107898, 900142, 501249, 961680] [823830, 261656, 602378, 520146] [904602, 686044, 468962, -49345] [911210, 361592, 835933, 952955] [763374, 180191, 330522, 698663] [682920, 443997, 337640, -88351] [844585, 264691, 416259, 765506] [811573, 685405, 333851, -18355]
[65894, 504113, 236960, 864379] [326123, 820969, 924630, 327422] [913207, 576330, 593690, 528303] [568414, 396303, 385186, 831784] [432239, 385012, 989708, 31619] [46647, -68158, 39230, 867794] [221812, 69648, 805655, 89115] [964757, 436559, 513194, 249472] [-59163, 30129, 844764, 260501]
[729038, 952150, 60407, 791190] [358609, 51097, 247300, 796900] [288253, -31104, 391305, 822801] [518635, -31021, -69512, 335213] [703860, 224979, 975662, 735577] [469052, 916749, 92216, 874675] [796667, 579764, -52045, -5856] [330836, 9054, 784293, 60348] [578571, 704487, 862887, 912647]
[346584, 616911, 111050, 859482] [216692, 622428, 1492, 392160] [626340, 624923, 419810, 981855] [904105, 689418, -60061, 937077] [466295, 889297, 183740, 714639] [530004, 298272, 661665, 452388] [966341, 793857, 742089, 966716] [237065, 624891, 88828, 666300] [194836, 864524, 312647, 102803]
[19990, 820197, -4077, 862382] [886929, 848453, -52794, 713187] [699136, 607991, 351559, 718381] [675105, 97515, 32544, 156517] [673143, 450389, 368135, 524318] [-79122, 298621, 603904, 929260] [897550, 940098, 638013, 61867] [715230, 791141, 499738, 654955] [26674, 582134, 280505, 397042]


APP_HEIGHT = 900
APP_WIDTH = 900
N = 10
M = 10
SZ_N = APP_HEIGHT // N
SZ_M = APP_WIDTH // M
FOOD_FREQ = 2
VISION_RADIUS = 5
COUNT_PER_EPOCH = 100
EPOCH_COUNT = 10000
MAX_TIME = 100
FOOD_REWARD = 20
TIME_REWARD = 0
MUTATION_RATE = 5
SEE_LAST_X = 100
TEST_COUNT = 5
START_FOOD_COUNT = 5
